encog,RBFNetwork,java,3.2.0,1,1391589810764
[RBF-NETWORK]
[RBF-NETWORK:PARAMS]
[RBF-NETWORK:NETWORK]
beginTraining=0
connectionLimit=0
contextTargetOffset=0,0,0
contextTargetSize=0,0,0
endTraining=2
hasContext=f
inputCount=29
layerCounts=1,15,29
layerFeedCounts=1,15,29
layerContextCount=0,0,0
layerIndex=0,1,16
output=0,0,0,0,0,0,0,0,0,0,0,0,0,0,0,0,0,0,0,0,0,0,0,0,0,0,0,0,0,0,0,0,0,0,0,0,0,0,0,0,0,0,0,0,0
outputCount=1
weightIndex=0,15,450
weights=66.3303775144,0,-278.2717890829,0,327.0789781628,0,0,0,-105.7049337243,0,2400.3500233896,0,67192.9517627822,-21981.2838178924,67636.1138853599,0,0,0,0,0,0,0,0,0,0,0,0,0,0,0,0,0,0,0,0,0,0,0,0,0,0,0,0,0,0,0,0,0,0,0,0,0,0,0,0,0,0,0,0,0,0,0,0,0,0,0,0,0,0,0,0,0,0,0,0,0,0,0,0,0,0,0,0,0,0,0,0,0,0,0,0,0,0,0,0,0,0,0,0,0,0,0,0,0,0,0,0,0,0,0,0,0,0,0,0,0,0,0,0,0,0,0,0,0,0,0,0,0,0,0,0,0,0,0,0,0,0,0,0,0,0,0,0,0,0,0,0,0,0,0,0,0,0,0,0,0,0,0,0,0,0,0,0,0,0,0,0,0,0,0,0,0,0,0,0,0,0,0,0,0,0,0,0,0,0,0,0,0,0,0,0,0,0,0,0,0,0,0,0,0,0,0,0,0,0,0,0,0,0,0,0,0,0,0,0,0,0,0,0,0,0,0,0,0,0,0,0,0,0,0,0,0,0,0,0,0,0,0,0,0,0,0,0,0,0,0,0,0,0,0,0,0,0,0,0,0,0,0,0,0,0,0,0,0,0,0,0,0,0,0,0,0,0,0,0,0,0,0,0,0,0,0,0,0,0,0,0,0,0,0,0,0,0,0,0,0,0,0,0,0,0,0,0,0,0,0,0,0,0,0,0,0,0,0,0,0,0,0,0,0,0,0,0,0,0,0,0,0,0,0,0,0,0,0,0,0,0,0,0,0,0,0,0,0,0,0,0,0,0,0,0,0,0,0,0,0,0,0,0,0,0,0,0,0,0,0,0,0,0,0,0,0,0,0,0,0,0,0,0,0,0,0,0,0,0,0,0,0,0,0,0,0,0,0,0,0,0,0,0,0,0,0,0,0,0,0,0,0,0,0,0,0,0,0,0,0,0,0,0,0,0,0,0,0,0,0,0,0,0,0,0,0,0,0,0,0,0,0,0,0,0,0,0,0,0,0,0,0,0,0
biasActivation=0,0,0
[RBF-NETWORK:ACTIVATION]
"ActivationLinear"
"ActivationLinear"
"ActivationLinear"
[RBF-NETWORK:RBF]
"GaussianFunction",0.8985810546,0.5,0.9877715199,0.6454668801,-0.5726290994,0.3149077582,-0.041827364,-0.089162591,-0.9164928361,-0.2692959607,0.0964735867,-0.3012209014,0.4466016173,-0.8745080877,0.9410858732,0.2901993473,0.5874210056,0.0440688089,0.2260089092,-0.6239010579,0.1121201965,-0.3037770015,-0.2897009811,-0.0331114875,0.8659795914,-0.2083123673,-0.294934902,-0.7890217396,0.850080748,-0.1443129425,0.3800833786
"GaussianFunction",0.2308640627,0.5,0.9877715199,0.6454668801,-0.5726290994,0.3149077582,-0.041827364,-0.089162591,-0.9164928361,-0.2692959607,0.0964735867,-0.3012209014,0.4466016173,-0.8745080877,0.9410858732,0.2901993473,0.5874210056,0.0440688089,0.2260089092,-0.6239010579,0.1121201965,-0.3037770015,-0.2897009811,-0.0331114875,0.8659795914,-0.2083123673,-0.294934902,-0.7890217396,0.850080748,-0.1443129425,0.3800833786
"GaussianFunction",-0.9245695836,0.5,0.9877715199,0.6454668801,-0.5726290994,0.3149077582,-0.041827364,-0.089162591,-0.9164928361,-0.2692959607,0.0964735867,-0.3012209014,0.4466016173,-0.8745080877,0.9410858732,0.2901993473,0.5874210056,0.0440688089,0.2260089092,-0.6239010579,0.1121201965,-0.3037770015,-0.2897009811,-0.0331114875,0.8659795914,-0.2083123673,-0.294934902,-0.7890217396,0.850080748,-0.1443129425,0.3800833786
"GaussianFunction",0.0434522712,0.5,0.9877715199,0.6454668801,-0.5726290994,0.3149077582,-0.041827364,-0.089162591,-0.9164928361,-0.2692959607,0.0964735867,-0.3012209014,0.4466016173,-0.8745080877,0.9410858732,0.2901993473,0.5874210056,0.0440688089,0.2260089092,-0.6239010579,0.1121201965,-0.3037770015,-0.2897009811,-0.0331114875,0.8659795914,-0.2083123673,-0.294934902,-0.7890217396,0.850080748,-0.1443129425,0.3800833786
"GaussianFunction",-0.8838789358,0.5,0.9877715199,0.6454668801,-0.5726290994,0.3149077582,-0.041827364,-0.089162591,-0.9164928361,-0.2692959607,0.0964735867,-0.3012209014,0.4466016173,-0.8745080877,0.9410858732,0.2901993473,0.5874210056,0.0440688089,0.2260089092,-0.6239010579,0.1121201965,-0.3037770015,-0.2897009811,-0.0331114875,0.8659795914,-0.2083123673,-0.294934902,-0.7890217396,0.850080748,-0.1443129425,0.3800833786
"GaussianFunction",-0.284909144,0.5,0.9877715199,0.6454668801,-0.5726290994,0.3149077582,-0.041827364,-0.089162591,-0.9164928361,-0.2692959607,0.0964735867,-0.3012209014,0.4466016173,-0.8745080877,0.9410858732,0.2901993473,0.5874210056,0.0440688089,0.2260089092,-0.6239010579,0.1121201965,-0.3037770015,-0.2897009811,-0.0331114875,0.8659795914,-0.2083123673,-0.294934902,-0.7890217396,0.850080748,-0.1443129425,0.3800833786
"GaussianFunction",-0.0513913637,0.5,0.9877715199,0.6454668801,-0.5726290994,0.3149077582,-0.041827364,-0.089162591,-0.9164928361,-0.2692959607,0.0964735867,-0.3012209014,0.4466016173,-0.8745080877,0.9410858732,0.2901993473,0.5874210056,0.0440688089,0.2260089092,-0.6239010579,0.1121201965,-0.3037770015,-0.2897009811,-0.0331114875,0.8659795914,-0.2083123673,-0.294934902,-0.7890217396,0.850080748,-0.1443129425,0.3800833786
"GaussianFunction",-0.2384650681,0.5,0.9877715199,0.6454668801,-0.5726290994,0.3149077582,-0.041827364,-0.089162591,-0.9164928361,-0.2692959607,0.0964735867,-0.3012209014,0.4466016173,-0.8745080877,0.9410858732,0.2901993473,0.5874210056,0.0440688089,0.2260089092,-0.6239010579,0.1121201965,-0.3037770015,-0.2897009811,-0.0331114875,0.8659795914,-0.2083123673,-0.294934902,-0.7890217396,0.850080748,-0.1443129425,0.3800833786
"GaussianFunction",0.7685954415,0.5,0.9877715199,0.6454668801,-0.5726290994,0.3149077582,-0.041827364,-0.089162591,-0.9164928361,-0.2692959607,0.0964735867,-0.3012209014,0.4466016173,-0.8745080877,0.9410858732,0.2901993473,0.5874210056,0.0440688089,0.2260089092,-0.6239010579,0.1121201965,-0.3037770015,-0.2897009811,-0.0331114875,0.8659795914,-0.2083123673,-0.294934902,-0.7890217396,0.850080748,-0.1443129425,0.3800833786
"GaussianFunction",0.0178093365,0.5,0.9877715199,0.6454668801,-0.5726290994,0.3149077582,-0.041827364,-0.089162591,-0.9164928361,-0.2692959607,0.0964735867,-0.3012209014,0.4466016173,-0.8745080877,0.9410858732,0.2901993473,0.5874210056,0.0440688089,0.2260089092,-0.6239010579,0.1121201965,-0.3037770015,-0.2897009811,-0.0331114875,0.8659795914,-0.2083123673,-0.294934902,-0.7890217396,0.850080748,-0.1443129425,0.3800833786
"GaussianFunction",0.7881556407,0.5,0.9877715199,0.6454668801,-0.5726290994,0.3149077582,-0.041827364,-0.089162591,-0.9164928361,-0.2692959607,0.0964735867,-0.3012209014,0.4466016173,-0.8745080877,0.9410858732,0.2901993473,0.5874210056,0.0440688089,0.2260089092,-0.6239010579,0.1121201965,-0.3037770015,-0.2897009811,-0.0331114875,0.8659795914,-0.2083123673,-0.294934902,-0.7890217396,0.850080748,-0.1443129425,0.3800833786
"GaussianFunction",-0.0772331664,0.5,0.9877715199,0.6454668801,-0.5726290994,0.3149077582,-0.041827364,-0.089162591,-0.9164928361,-0.2692959607,0.0964735867,-0.3012209014,0.4466016173,-0.8745080877,0.9410858732,0.2901993473,0.5874210056,0.0440688089,0.2260089092,-0.6239010579,0.1121201965,-0.3037770015,-0.2897009811,-0.0331114875,0.8659795914,-0.2083123673,-0.294934902,-0.7890217396,0.850080748,-0.1443129425,0.3800833786
"GaussianFunction",0.5016871081,0.5,0.9877715199,0.6454668801,-0.5726290994,0.3149077582,-0.041827364,-0.089162591,-0.9164928361,-0.2692959607,0.0964735867,-0.3012209014,0.4466016173,-0.8745080877,0.9410858732,0.2901993473,0.5874210056,0.0440688089,0.2260089092,-0.6239010579,0.1121201965,-0.3037770015,-0.2897009811,-0.0331114875,0.8659795914,-0.2083123673,-0.294934902,-0.7890217396,0.850080748,-0.1443129425,0.3800833786
"GaussianFunction",0.6685033659,0.5,0.9877715199,0.6454668801,-0.5726290994,0.3149077582,-0.041827364,-0.089162591,-0.9164928361,-0.2692959607,0.0964735867,-0.3012209014,0.4466016173,-0.8745080877,0.9410858732,0.2901993473,0.5874210056,0.0440688089,0.2260089092,-0.6239010579,0.1121201965,-0.3037770015,-0.2897009811,-0.0331114875,0.8659795914,-0.2083123673,-0.294934902,-0.7890217396,0.850080748,-0.1443129425,0.3800833786
"GaussianFunction",0.4832373571,0.5,0.9877715199,0.6454668801,-0.5726290994,0.3149077582,-0.041827364,-0.089162591,-0.9164928361,-0.2692959607,0.0964735867,-0.3012209014,0.4466016173,-0.8745080877,0.9410858732,0.2901993473,0.5874210056,0.0440688089,0.2260089092,-0.6239010579,0.1121201965,-0.3037770015,-0.2897009811,-0.0331114875,0.8659795914,-0.2083123673,-0.294934902,-0.7890217396,0.850080748,-0.1443129425,0.3800833786
