encog,RBFNetwork,java,3.2.0,1,1391622245747
[RBF-NETWORK]
[RBF-NETWORK:PARAMS]
[RBF-NETWORK:NETWORK]
beginTraining=0
connectionLimit=0
contextTargetOffset=0,0,0
contextTargetSize=0,0,0
endTraining=2
hasContext=f
inputCount=29
layerCounts=1,10,29
layerFeedCounts=1,10,29
layerContextCount=0,0,0
layerIndex=0,1,11
output=0,0,0,0,0,0,0,0,0,0,0,0,0,0,0,0,0,0,0,0,0,0,0,0,0,0,0,0,0,0,0,0,0,0,0,0,0,0,0,0
outputCount=1
weightIndex=0,10,300
weights=-194.7757803628,0,-18723.4925826177,-51.2,0,-18723.4925826177,0,0,0,0,0,0,0,0,0,0,0,0,0,0,0,0,0,0,0,0,0,0,0,0,0,0,0,0,0,0,0,0,0,0,0,0,0,0,0,0,0,0,0,0,0,0,0,0,0,0,0,0,0,0,0,0,0,0,0,0,0,0,0,0,0,0,0,0,0,0,0,0,0,0,0,0,0,0,0,0,0,0,0,0,0,0,0,0,0,0,0,0,0,0,0,0,0,0,0,0,0,0,0,0,0,0,0,0,0,0,0,0,0,0,0,0,0,0,0,0,0,0,0,0,0,0,0,0,0,0,0,0,0,0,0,0,0,0,0,0,0,0,0,0,0,0,0,0,0,0,0,0,0,0,0,0,0,0,0,0,0,0,0,0,0,0,0,0,0,0,0,0,0,0,0,0,0,0,0,0,0,0,0,0,0,0,0,0,0,0,0,0,0,0,0,0,0,0,0,0,0,0,0,0,0,0,0,0,0,0,0,0,0,0,0,0,0,0,0,0,0,0,0,0,0,0,0,0,0,0,0,0,0,0,0,0,0,0,0,0,0,0,0,0,0,0,0,0,0,0,0,0,0,0,0,0,0,0,0,0,0,0,0,0,0,0,0,0,0,0,0,0,0,0,0,0,0,0,0,0,0,0,0,0,0,0,0,0,0,0,0,0,0,0
biasActivation=0,0,0
[RBF-NETWORK:ACTIVATION]
"ActivationLinear"
"ActivationLinear"
"ActivationLinear"
[RBF-NETWORK:RBF]
"GaussianFunction",0.962712007,0.5,-0.4066573398,0.9257835424,-0.5654702353,-0.701719678,0.3993793714,-0.3791414734,-0.644475187,0.3198261796,-0.6749929572,-0.0868366815,0.5344320978,0.7702139532,0.426693124,-0.1218595772,0.6339350531,0.7573712406,0.953531045,0.8417704279,0.74650366,-0.8897552266,-0.6460533644,-0.871510313,0.4707317007,-0.307671904,-0.297495857,-0.6263677208,0.4433259368,-0.9715989174,-0.1647977728
"GaussianFunction",-0.0987280059,0.5,-0.4066573398,0.9257835424,-0.5654702353,-0.701719678,0.3993793714,-0.3791414734,-0.644475187,0.3198261796,-0.6749929572,-0.0868366815,0.5344320978,0.7702139532,0.426693124,-0.1218595772,0.6339350531,0.7573712406,0.953531045,0.8417704279,0.74650366,-0.8897552266,-0.6460533644,-0.871510313,0.4707317007,-0.307671904,-0.297495857,-0.6263677208,0.4433259368,-0.9715989174,-0.1647977728
"GaussianFunction",-0.6492572143,0.5,-0.4066573398,0.9257835424,-0.5654702353,-0.701719678,0.3993793714,-0.3791414734,-0.644475187,0.3198261796,-0.6749929572,-0.0868366815,0.5344320978,0.7702139532,0.426693124,-0.1218595772,0.6339350531,0.7573712406,0.953531045,0.8417704279,0.74650366,-0.8897552266,-0.6460533644,-0.871510313,0.4707317007,-0.307671904,-0.297495857,-0.6263677208,0.4433259368,-0.9715989174,-0.1647977728
"GaussianFunction",0.3820422865,0.5,-0.4066573398,0.9257835424,-0.5654702353,-0.701719678,0.3993793714,-0.3791414734,-0.644475187,0.3198261796,-0.6749929572,-0.0868366815,0.5344320978,0.7702139532,0.426693124,-0.1218595772,0.6339350531,0.7573712406,0.953531045,0.8417704279,0.74650366,-0.8897552266,-0.6460533644,-0.871510313,0.4707317007,-0.307671904,-0.297495857,-0.6263677208,0.4433259368,-0.9715989174,-0.1647977728
"GaussianFunction",-0.2991221355,0.5,-0.4066573398,0.9257835424,-0.5654702353,-0.701719678,0.3993793714,-0.3791414734,-0.644475187,0.3198261796,-0.6749929572,-0.0868366815,0.5344320978,0.7702139532,0.426693124,-0.1218595772,0.6339350531,0.7573712406,0.953531045,0.8417704279,0.74650366,-0.8897552266,-0.6460533644,-0.871510313,0.4707317007,-0.307671904,-0.297495857,-0.6263677208,0.4433259368,-0.9715989174,-0.1647977728
"GaussianFunction",0.6553402476,0.5,-0.4066573398,0.9257835424,-0.5654702353,-0.701719678,0.3993793714,-0.3791414734,-0.644475187,0.3198261796,-0.6749929572,-0.0868366815,0.5344320978,0.7702139532,0.426693124,-0.1218595772,0.6339350531,0.7573712406,0.953531045,0.8417704279,0.74650366,-0.8897552266,-0.6460533644,-0.871510313,0.4707317007,-0.307671904,-0.297495857,-0.6263677208,0.4433259368,-0.9715989174,-0.1647977728
"GaussianFunction",-0.1316541136,0.5,-0.4066573398,0.9257835424,-0.5654702353,-0.701719678,0.3993793714,-0.3791414734,-0.644475187,0.3198261796,-0.6749929572,-0.0868366815,0.5344320978,0.7702139532,0.426693124,-0.1218595772,0.6339350531,0.7573712406,0.953531045,0.8417704279,0.74650366,-0.8897552266,-0.6460533644,-0.871510313,0.4707317007,-0.307671904,-0.297495857,-0.6263677208,0.4433259368,-0.9715989174,-0.1647977728
"GaussianFunction",0.0985411347,0.5,-0.4066573398,0.9257835424,-0.5654702353,-0.701719678,0.3993793714,-0.3791414734,-0.644475187,0.3198261796,-0.6749929572,-0.0868366815,0.5344320978,0.7702139532,0.426693124,-0.1218595772,0.6339350531,0.7573712406,0.953531045,0.8417704279,0.74650366,-0.8897552266,-0.6460533644,-0.871510313,0.4707317007,-0.307671904,-0.297495857,-0.6263677208,0.4433259368,-0.9715989174,-0.1647977728
"GaussianFunction",0.1693905559,0.5,-0.4066573398,0.9257835424,-0.5654702353,-0.701719678,0.3993793714,-0.3791414734,-0.644475187,0.3198261796,-0.6749929572,-0.0868366815,0.5344320978,0.7702139532,0.426693124,-0.1218595772,0.6339350531,0.7573712406,0.953531045,0.8417704279,0.74650366,-0.8897552266,-0.6460533644,-0.871510313,0.4707317007,-0.307671904,-0.297495857,-0.6263677208,0.4433259368,-0.9715989174,-0.1647977728
"GaussianFunction",-0.0247617404,0.5,-0.4066573398,0.9257835424,-0.5654702353,-0.701719678,0.3993793714,-0.3791414734,-0.644475187,0.3198261796,-0.6749929572,-0.0868366815,0.5344320978,0.7702139532,0.426693124,-0.1218595772,0.6339350531,0.7573712406,0.953531045,0.8417704279,0.74650366,-0.8897552266,-0.6460533644,-0.871510313,0.4707317007,-0.307671904,-0.297495857,-0.6263677208,0.4433259368,-0.9715989174,-0.1647977728
