encog,RBFNetwork,java,3.2.0,1,1391364045871
[RBF-NETWORK]
[RBF-NETWORK:PARAMS]
[RBF-NETWORK:NETWORK]
beginTraining=0
connectionLimit=0
contextTargetOffset=0,0,0
contextTargetSize=0,0,0
endTraining=2
hasContext=f
inputCount=19
layerCounts=1,10,19
layerFeedCounts=1,10,19
layerContextCount=0,0,0
layerIndex=0,1,11
output=0,0,0,0,0,0,0,0,0,0,0,0,0,0,0,0,0,0,0,0,0,0,0,0,0,0,0,0,0,0
outputCount=1
weightIndex=0,10,200
weights=22667.944307295,-14.7,0,0,0,1597.7421207032,0,0,-2174.275759834,0,0,0,0,0,0,0,0,0,0,0,0,0,0,0,0,0,0,0,0,0,0,0,0,0,0,0,0,0,0,0,0,0,0,0,0,0,0,0,0,0,0,0,0,0,0,0,0,0,0,0,0,0,0,0,0,0,0,0,0,0,0,0,0,0,0,0,0,0,0,0,0,0,0,0,0,0,0,0,0,0,0,0,0,0,0,0,0,0,0,0,0,0,0,0,0,0,0,0,0,0,0,0,0,0,0,0,0,0,0,0,0,0,0,0,0,0,0,0,0,0,0,0,0,0,0,0,0,0,0,0,0,0,0,0,0,0,0,0,0,0,0,0,0,0,0,0,0,0,0,0,0,0,0,0,0,0,0,0,0,0,0,0,0,0,0,0,0,0,0,0,0,0,0,0,0,0,0,0,0,0,0,0,0,0,0,0,0,0,0,0
biasActivation=0,0,0
[RBF-NETWORK:ACTIVATION]
"ActivationLinear"
"ActivationLinear"
"ActivationLinear"
[RBF-NETWORK:RBF]
"GaussianFunction",0.6578468467,0.5,-0.9125753247,-0.926722506,0.8872466654,-0.2620467353,-0.9512790307,0.4967521067,0.7787029642,0.4827353592,0.7777132666,0.343981043,0.3482023141,0.4367435723,0.3021907932,0.0426265776,0.0512475598,-0.7971671711,-0.6060842738,0.9389539075,-0.3803523288
"GaussianFunction",0.3916405063,0.5,-0.9125753247,-0.926722506,0.8872466654,-0.2620467353,-0.9512790307,0.4967521067,0.7787029642,0.4827353592,0.7777132666,0.343981043,0.3482023141,0.4367435723,0.3021907932,0.0426265776,0.0512475598,-0.7971671711,-0.6060842738,0.9389539075,-0.3803523288
"GaussianFunction",0.0136159132,0.5,-0.9125753247,-0.926722506,0.8872466654,-0.2620467353,-0.9512790307,0.4967521067,0.7787029642,0.4827353592,0.7777132666,0.343981043,0.3482023141,0.4367435723,0.3021907932,0.0426265776,0.0512475598,-0.7971671711,-0.6060842738,0.9389539075,-0.3803523288
"GaussianFunction",0.0025016849,0.5,-0.9125753247,-0.926722506,0.8872466654,-0.2620467353,-0.9512790307,0.4967521067,0.7787029642,0.4827353592,0.7777132666,0.343981043,0.3482023141,0.4367435723,0.3021907932,0.0426265776,0.0512475598,-0.7971671711,-0.6060842738,0.9389539075,-0.3803523288
"GaussianFunction",0.0495302267,0.5,-0.9125753247,-0.926722506,0.8872466654,-0.2620467353,-0.9512790307,0.4967521067,0.7787029642,0.4827353592,0.7777132666,0.343981043,0.3482023141,0.4367435723,0.3021907932,0.0426265776,0.0512475598,-0.7971671711,-0.6060842738,0.9389539075,-0.3803523288
"GaussianFunction",0.846499249,0.5,-0.9125753247,-0.926722506,0.8872466654,-0.2620467353,-0.9512790307,0.4967521067,0.7787029642,0.4827353592,0.7777132666,0.343981043,0.3482023141,0.4367435723,0.3021907932,0.0426265776,0.0512475598,-0.7971671711,-0.6060842738,0.9389539075,-0.3803523288
"GaussianFunction",0.2250641988,0.5,-0.9125753247,-0.926722506,0.8872466654,-0.2620467353,-0.9512790307,0.4967521067,0.7787029642,0.4827353592,0.7777132666,0.343981043,0.3482023141,0.4367435723,0.3021907932,0.0426265776,0.0512475598,-0.7971671711,-0.6060842738,0.9389539075,-0.3803523288
"GaussianFunction",-0.0684106487,0.5,-0.9125753247,-0.926722506,0.8872466654,-0.2620467353,-0.9512790307,0.4967521067,0.7787029642,0.4827353592,0.7777132666,0.343981043,0.3482023141,0.4367435723,0.3021907932,0.0426265776,0.0512475598,-0.7971671711,-0.6060842738,0.9389539075,-0.3803523288
"GaussianFunction",-0.8623988745,0.5,-0.9125753247,-0.926722506,0.8872466654,-0.2620467353,-0.9512790307,0.4967521067,0.7787029642,0.4827353592,0.7777132666,0.343981043,0.3482023141,0.4367435723,0.3021907932,0.0426265776,0.0512475598,-0.7971671711,-0.6060842738,0.9389539075,-0.3803523288
"GaussianFunction",-0.1439542443,0.5,-0.9125753247,-0.926722506,0.8872466654,-0.2620467353,-0.9512790307,0.4967521067,0.7787029642,0.4827353592,0.7777132666,0.343981043,0.3482023141,0.4367435723,0.3021907932,0.0426265776,0.0512475598,-0.7971671711,-0.6060842738,0.9389539075,-0.3803523288
